Total nodes : 567767
Total words : 234454
Space taken : 122637672 Bytes (117 MB)
Node next pointers    Node count   Meanings nodes   Nodes with zero meaning
     0                  155588         159932             0
     1                  335316         42182              296546
     2                  47696          12674              36703
     3                  13878          5578               9414
     4                  5871           3142               3552
     5                  3182           2085               1778
     6                  1825           1412               943
     7                  1210           1120               565
     8                  739            811                298
     9                  592            743                233
     10                 416            631                155
     11                 312            510                94
     12                 238            416                69
     13                 190            379                48
     14                 160            420                37
     15                 110            277                22
     16                 83             252                18
     17                 85             291                16
     18                 54             198                12
     19                 50             180                11
     20                 37             188                7
     21                 30             156                3
     22                 25             150                4
     23                 23             186                2
     24                 21             175                2
     25                 22             173                1
     26                 14             193                0
